200
32 24 40
50 14 48
17 15 8
80 48 64
31 9 32
44 1 34
27 39 43
39 52 65
8 7 33
10 17 62
20 30 50
46 27 15
14 26 31
29 51 46
42 70 56
50 14 48
30 40 50
15 12 9
26 22 56
32 60 68
22 63 16
18 25 23
42 51 34
28 53 45
37 6 22
61 11 60
15 17 8
14 48 50
55 36 9
4 36 44
58 7 42
38 46 36
36 15 39
42 58 40
27 36 45
46 32 9
41 22 34
46 61 18
65 60 25
51 45 24
60 87 63
33 10 60
30 18 24
39 22 48
62 55 52
36 60 48
58 10 49
23 42 12
15 36 39
70 56 42
65 63 16
29 99 118
3 116 127
6 8 10
96 110 146
4 5 3
120 72 96
51 29 59
70 94 124
72 54 90
32 24 40
100 110 49
116 84 80
48 36 60
21 34 59
74 24 70
2 23 38
40 30 50
12 15 9
47 109 79
102 8 5
114 107 29
18 30 57
79 101 90
82 18 80
30 16 34
110 125 120
82 59 29
52 65 39
160 128 96
22 122 120
116 39 110
39 15 36
84 91 35
72 21 75
20 12 16
51 25 124
20 99 113
31 32 84
2 96 109
100 75 125
35 91 84
6 43 58
90 48 102
72 65 97
60 45 75
80 100 60
124 155 93
123 120 27
116 14 32
200 45 205
665 823 72
1270 1016 762
563 5 998
458 172 830
293 315 368
1053 972 405
136 128 421
1016 139 500
204 201 655
962 312 910
588 441 735
1019 604 388
610 448 414
431 730 504
125 325 300
538 138 520
946 228 425
408 867 765
19 756 787
63 116 285
745 255 700
196 672 700
916 240 884
833 1183 840
663 63 660
160 119 817
823 772 292
812 1015 609
760 570 950
532 1007 855
264 986 950
420 474 897
45 24 51
275 264 77
109 858 581
480 872 728
681 979 592
525 147 504
644 725 333
647 291 920
23 739 855
292 754 676
762 657 1019
340 239 167
273 136 305
163 182 123
153 104 185
284 998 719
21 28 35
25504 31880 19128
23716 27922 17171
20334 33890 27112
13769 3527 9904
3720 2639 4561
27768 20832 18360
21021 6688 37389
15624 16120 3968
34625 31500 14375
3600 4614 2886
31372 12732 27337
33150 25650 21000
1956 26533 26605
8400 3245 9005
8548 26941 31524
18091 17459 4740
21715 16211 14448
9119 19686 20017
1806 5694 5400
2160 3276 3924
18873 6076 34154
21945 27972 35553
11195 26868 29107
36960 30488 47912
17319 30126 38620
34986 11950 29995
12240 24582 21318
19096 4650 19654
32568 35424 48120
28479 37773 25347
8742 11656 14570
19646 39672 44270
33410 8224 32382
8512 19864 35881
19493 9595 16968
27075 28101 7524
13164 27888 14027
2310 1354 10695
37431 4171 25075
9550 18438 14751
36725 29380 22035
444 13061 23141
6693 1473 36203
4219 20014 14504
11206 18228 5143
17968 33690 38182
38976 30960 49776
9540 5599 26974
40000 40000 40000
11200 40000 38400
